0.2266666740179062
0.5149999856948853
0.6524999737739563
0.6949999928474426
0.8191666603088379
0.8149999976158142
0.8633333444595337
0.846666693687439
0.8849999904632568
0.9150000214576721
0.8608333468437195
0.8999999761581421
0.9283333420753479
0.8675000071525574
0.9241666793823242
0.903333306312561
0.878333330154419
0.8675000071525574
0.949999988079071
0.9316666722297668
0.9225000143051147
0.9366666674613953
0.9175000190734863
0.940833330154419
0.9433333277702332
0.8899999856948853
0.9399999976158142
0.9416666626930237
0.9433333277702332
0.9316666722297668
0.9474999904632568
0.9483333230018616
0.9424999952316284
0.9449999928474426
0.9350000023841858
0.9508333206176758
0.9375
0.9491666555404663
0.9591666460037231
0.9416666626930237
0.9474999904632568
0.949999988079071
0.9516666531562805
0.9466666579246521
0.9383333325386047
0.9416666626930237
0.9449999928474426
0.9458333253860474
0.9433333277702332
0.95333331823349
0.9391666650772095
0.9383333325386047
0.9516666531562805
0.9466666579246521
0.9433333277702332
0.9399999976158142
0.9541666507720947
0.9608333110809326
0.9549999833106995
0.9558333158493042
0.9508333206176758
0.9541666507720947
0.9524999856948853
0.9541666507720947
0.95333331823349
0.940833330154419
0.9491666555404663
0.9466666579246521
0.9433333277702332
0.9491666555404663
0.9424999952316284
0.9558333158493042
0.95333331823349
0.9516666531562805
0.9541666507720947
0.9616666436195374
0.9458333253860474
0.9508333206176758
0.934166669845581
0.9566666483879089
0.9458333253860474
0.9566666483879089
0.9558333158493042
0.9491666555404663
0.9574999809265137
0.9608333110809326
0.9524999856948853
0.9558333158493042
0.9558333158493042
0.9508333206176758
0.9608333110809326
0.9399999976158142
0.9441666603088379
0.9616666436195374
0.9583333134651184
0.9558333158493042
