2.842859983444214
2.1024577617645264
1.548757553100586
1.26544988155365
1.0544302463531494
0.932778537273407
0.8428369760513306
0.788571298122406
0.7163625359535217
0.7130383253097534
0.6555222868919373
0.6364314556121826
0.6080591082572937
0.5983594655990601
0.5608513355255127
0.562395453453064
0.5385612845420837
0.5348811149597168
0.49734991788864136
0.4827575087547302
0.49225589632987976
0.4572703540325165
0.4660145044326782
0.4209045469760895
0.4189346730709076
0.4552368223667145
0.42006704211235046
0.40614989399909973
0.4008391797542572
0.40672537684440613
0.37543460726737976
0.3680337369441986
0.3616942763328552
0.36334046721458435
0.353970468044281
0.3487950563430786
0.34069207310676575
0.32917848229408264
0.31872519850730896
0.3283543586730957
0.3168396055698395
0.32290953397750854
0.31110426783561707
0.3191732168197632
0.3199024796485901
0.2980878949165344
0.2975885570049286
0.2958183288574219
0.30692848563194275
0.28189703822135925
0.29284656047821045
0.2823316156864166
0.26829537749290466
0.2776847779750824
0.2756660282611847
0.2859983444213867
0.26074209809303284
0.26872482895851135
0.2560281753540039
0.2504342794418335
0.24397356808185577
0.25013378262519836
0.24273912608623505
0.2456217259168625
0.23519645631313324
0.25165534019470215
0.23772026598453522
0.25024837255477905
0.24425992369651794
0.23990356922149658
0.2429160624742508
0.2275887280702591
0.22643622756004333
0.2292325347661972
0.23838013410568237
0.21584254503250122
0.21614567935466766
0.2206226885318756
0.24026989936828613
0.2109200358390808
0.2239205241203308
0.2068433314561844
0.2034555822610855
0.20995484292507172
0.2128114551305771
0.19532951712608337
0.2156430035829544
0.2037392407655716
0.20279337465763092
0.20932559669017792
0.1891457438468933
0.2127806693315506
0.21323198080062866
0.18586063385009766
0.19282405078411102
0.19850361347198486
