0.6969577074050903
0.6995276808738708
0.6996995806694031
0.692854106426239
0.6949925422668457
0.7104939222335815
0.7002730965614319
0.6862037181854248
0.6978990435600281
0.7068352699279785
0.7076177000999451
0.6977196335792542
0.6925386190414429
0.7066036462783813
0.6813790798187256
0.7004759907722473
0.7006910443305969
0.6888047456741333
0.701938271522522
0.692084789276123
0.6848480701446533
0.7033565044403076
0.6859029531478882
0.6749579906463623
0.6851184368133545
0.6818917989730835
0.6763486266136169
0.6829788684844971
0.6906198263168335
0.6888067126274109
0.6787026524543762
0.6753320693969727
0.6908057928085327
0.7066524624824524
0.6791920065879822
0.684217631816864
0.6765846014022827
0.6804890036582947
0.6917677521705627
0.6660650968551636
0.6925088167190552
0.6687502264976501
0.6939066648483276
0.6725691556930542
0.6741105914115906
0.6793296933174133
0.6626489162445068
0.6850939393043518
0.6763299107551575
0.6926959156990051
0.675990641117096
0.6846093535423279
0.6655677556991577
0.6722642779350281
0.6842327117919922
0.679911732673645
0.6717823147773743
0.6891016960144043
0.676090657711029
0.6670437455177307
0.6680502891540527
0.6630849242210388
0.6550461649894714
0.6926108598709106
0.6683172583580017
0.6738168597221375
0.6756287813186646
0.6633564233779907
0.6606271862983704
0.675399661064148
0.6797539591789246
0.6661679744720459
0.6656904816627502
0.6737879514694214
0.6705808043479919
0.6601915955543518
0.668947696685791
0.6659421324729919
0.6674249172210693
0.662580132484436
0.6718552708625793
0.6707746386528015
0.6601429581642151
0.660671591758728
0.6730599999427795
0.6611535549163818
0.6544234156608582
0.6575667262077332
0.6616633534431458
0.663219153881073
0.6589832901954651
0.666839063167572
0.652947187423706
0.6622654795646667
0.6580361723899841
0.6542579531669617
0.6774766445159912
0.6541191339492798
0.6508677005767822
0.6496521234512329
0.6433503031730652
0.6473168730735779
0.6545996069908142
0.6678971648216248
0.6478824019432068
0.6517399549484253
0.6496507525444031
0.6506814956665039
0.6902399659156799
0.6414949893951416
0.6636894345283508
0.6514978408813477
0.6416642665863037
0.641528844833374
0.6645622849464417
0.656505823135376
0.6647879481315613
0.6493102312088013
0.641430139541626
0.6483896374702454
0.6685771942138672
0.6565197110176086
0.6458845138549805
0.6484002470970154
0.6437874436378479
0.650424063205719
0.6476591229438782
0.6473765969276428
0.6468561291694641
0.643787682056427
0.636900782585144
0.638687014579773
0.6407729983329773
0.6614636778831482
0.6393232941627502
0.640563428401947
0.6415368914604187
0.6751024723052979
0.6537438631057739
0.6428062319755554
0.6531164646148682
0.6478232145309448
0.6540248394012451
0.6391342878341675
0.6356304883956909
0.6373568773269653
0.6546061635017395
0.6380925178527832
0.6393637657165527
0.6318631768226624
0.6366423964500427
0.6408894062042236
0.6381821036338806
0.6423288583755493
0.6390465497970581
0.632798433303833
0.6326593160629272
0.639120876789093
0.6251530051231384
0.6206642389297485
0.6263964772224426
0.6428713798522949
0.6469143033027649
0.6239864826202393
0.6297693848609924
