3.194150686264038

3.1584060192108154

3.1267433166503906

3.0831077098846436

2.9996511936187744

2.8806028366088867

2.743318557739258

2.591171979904175

2.470656633377075

2.3624725341796875

2.2736237049102783

2.1961424350738525

2.1504719257354736

2.084944248199463

2.0412418842315674

2.0020573139190674

1.981245756149292

1.9466017484664917

1.9250751733779907

1.897026538848877

1.8813295364379883

1.8542691469192505

1.8278863430023193

1.805336356163025

1.7792785167694092

1.7592127323150635

1.7479450702667236

1.7201300859451294

1.7022022008895874

1.692505121231079

1.661218523979187

1.6460191011428833

1.6239925622940063

1.6063319444656372

1.6048468351364136

1.5908514261245728

1.5583195686340332

1.5589491128921509

1.5377670526504517

1.518965244293213

1.5246524810791016

1.4917445182800293

1.488449215888977

1.4790492057800293

1.4621721506118774

1.463565468788147

1.4444526433944702

1.4400519132614136

1.4403619766235352

1.421664834022522

1.4011542797088623

1.4023627042770386

1.395494818687439

1.3894747495651245

1.3756078481674194

1.363877773284912

1.3654438257217407

1.364356517791748

1.3375957012176514

1.3349881172180176

1.3390916585922241

1.3342223167419434

1.317458152770996

1.315071702003479

1.3072781562805176

1.2895828485488892

1.2739157676696777

1.2823989391326904

1.2883626222610474

1.2743077278137207

1.2596805095672607

1.272222638130188

1.2531147003173828

1.2512744665145874

1.246816635131836

1.2345114946365356

1.2273263931274414

1.2305660247802734

1.2352184057235718

1.2223608493804932

1.2336044311523438

1.2254767417907715

1.219441533088684

1.2088524103164673

1.2047606706619263

1.1933420896530151

1.1837773323059082

1.1838213205337524

1.1936196088790894

1.181484341621399

1.1775860786437988

1.1854349374771118

1.1608651876449585

1.1565470695495605

1.1666996479034424

1.1590567827224731

1.1431310176849365

1.1606634855270386

1.1311681270599365

1.143553376197815

1.1275140047073364

1.127301573753357

1.1324129104614258

1.1368519067764282

1.138979434967041

1.130473256111145

1.1362051963806152

1.127676248550415

1.1259526014328003

1.1145738363265991

1.1037876605987549

1.1033648252487183

1.1087751388549805

1.0980534553527832

1.0957543849945068

1.1057358980178833

1.0888301134109497

1.083598017692566

1.1054648160934448

1.0856103897094727

1.090524673461914

1.0883313417434692

1.0747876167297363

1.0848639011383057

1.0858769416809082

1.063550591468811

1.0623805522918701

1.0705465078353882

1.0620012283325195

1.0635639429092407

1.0498344898223877

1.0579744577407837

1.0561836957931519

1.0480856895446777

1.0447466373443604

1.0518462657928467

1.057725191116333

1.0474554300308228

1.0601437091827393

1.0347917079925537

1.0359094142913818

1.0446683168411255

1.038777232170105

1.0500258207321167

1.0469857454299927

1.0239982604980469

1.0218433141708374

1.0166704654693604

1.015143632888794

1.0228536128997803

1.025987148284912

1.0142557621002197

1.0143427848815918

1.0261955261230469

1.013839840888977

1.0376648902893066

1.0055516958236694

1.0171959400177002

1.0398824214935303

0.9992704391479492

1.0025253295898438

1.0084174871444702

1.0054363012313843

1.004068374633789

1.0133147239685059

0.9930716753005981

1.0011470317840576

1.0005807876586914

0.9983656406402588

0.9954079389572144

1.0022379159927368

0.9897435307502747

0.9917680621147156

1.008211374282837

0.9793116450309753

0.9873955845832825

1.0104230642318726

0.9794796705245972

0.974175214767456

0.9800008535385132

0.9794007539749146

0.970680296421051

0.98922199010849

0.9731537103652954

0.9623762965202332

0.981604814529419

0.9417787790298462

0.9577803611755371

0.9563838839530945

0.967948853969574

0.9702789187431335

0.9672529101371765

0.9556295871734619

0.9570804834365845

0.9673100709915161

0.9619176983833313

0.9581784009933472

0.9570093750953674

0.9584252238273621

0.9484140872955322

