0.0421999990940094

0.05480000004172325

0.07320000231266022

0.09139999747276306

0.11680000275373459

0.13740000128746033

0.16820000112056732

0.21279999613761902

0.23260000348091125

0.25099998712539673

0.26739999651908875

0.29120001196861267

0.2994000017642975

0.328000009059906

0.3246000111103058

0.3476000130176544

0.35339999198913574

0.3662000000476837

0.37599998712539673

0.38100001215934753

0.3856000006198883

0.3953999876976013

0.4047999978065491

0.415800005197525

0.4185999929904938

0.43299999833106995

0.4318000078201294

0.44519999623298645

0.44999998807907104

0.45840001106262207

0.4666000008583069

0.4708000123500824

0.483599990606308

0.4862000048160553

0.48500001430511475

0.4862000048160553

0.5037999749183655

0.487199991941452

0.4918000102043152

0.5103999972343445

0.51419997215271

0.525600016117096

0.5210000276565552

0.5293999910354614

0.5383999943733215

0.534600019454956

0.5404000282287598

0.5419999957084656

0.5415999889373779

0.5432000160217285

0.5576000213623047

0.553600013256073

0.5544000267982483

0.5663999915122986

0.5644000172615051

0.5633999705314636

0.5651999711990356

0.5708000063896179

0.5758000016212463

0.5802000164985657

0.58160001039505

0.58160001039505

0.5794000029563904

0.5870000123977661

0.5870000123977661

0.5934000015258789

0.5965999960899353

0.5979999899864197

0.5911999940872192

0.6015999913215637

0.597000002861023

0.6014000177383423

0.6061999797821045

0.6133999824523926

0.6179999709129333

0.6237999796867371

0.6200000047683716

0.6060000061988831

0.6110000014305115

0.6150000095367432

0.6173999905586243

0.6230000257492065

0.6208000183105469

0.6158000230789185

0.6255999803543091

0.6284000277519226

0.6340000033378601

0.6376000046730042

0.6259999871253967

0.6241999864578247

0.6394000053405762

0.633400022983551

0.6460000276565552

0.6376000046730042

0.6269999742507935

0.6439999938011169

0.6416000127792358

0.640999972820282

0.6639999747276306

0.6498000025749207

0.6543999910354614

0.6589999794960022

0.6539999842643738

0.6434000134468079

0.6520000100135803

0.657800018787384

0.6553999781608582

0.6525999903678894

0.6510000228881836

0.6539999842643738

0.6656000018119812

0.657800018787384

0.6603999733924866

0.6679999828338623

0.6574000120162964

0.6638000011444092

0.6682000160217285

0.6722000241279602

0.6642000079154968

0.6651999950408936

0.6715999841690063

0.6725999712944031

0.6715999841690063

0.6661999821662903

0.6632000207901001

0.6740000247955322

0.6758000254631042

0.6732000112533569

0.6733999848365784

0.6700000166893005

0.6772000193595886

0.6827999949455261

0.6819999814033508

0.6797999739646912

0.6754000186920166

0.6833999752998352

0.6797999739646912

0.6819999814033508

0.6675999760627747

0.6814000010490417

0.6818000078201294

0.6872000098228455

0.6916000247001648

0.6877999901771545

0.6796000003814697

0.6926000118255615

0.6887999773025513

0.6958000063896179

0.6891999840736389

0.6930000185966492

0.6869999766349792

0.6850000023841858

0.6913999915122986

0.6941999793052673

0.6919999718666077

0.6850000023841858

0.6991999745368958

0.6926000118255615

0.6777999997138977

0.6909999847412109

0.6995999813079834

0.6899999976158142

0.6955999732017517

0.6941999793052673

0.6919999718666077

0.6899999976158142

0.6872000098228455

0.7057999968528748

0.699400007724762

0.7056000232696533

0.6944000124931335

0.7031999826431274

0.692799985408783

0.703000009059906

0.704200029373169

0.7002000212669373

0.6908000111579895

0.6998000144958496

0.7044000029563904

0.694599986076355

0.7075999975204468

0.7092000246047974

0.7026000022888184

0.7045999765396118

0.7071999907493591

0.704200029373169

0.7085999846458435

0.7121999859809875

0.7057999968528748

0.70660001039505

0.7024000287055969

0.7102000117301941

0.7106000185012817

0.7084000110626221

0.7075999975204468

0.7142000198364258

0.7120000123977661

0.7128000259399414

0.7062000036239624

0.7138000130653381

