0.07999999821186066
0.09600000083446503
0.16200000047683716
0.1899999976158142
0.24400000274181366
0.32899999618530273
0.37299999594688416
0.4269999861717224
0.4309999942779541
0.40299999713897705
0.4790000021457672
0.46000000834465027
0.48500001430511475
0.5099999904632568
0.5210000276565552
0.527999997138977
0.503000020980835
0.5460000038146973
0.5450000166893005
0.5440000295639038
0.5809999704360962
0.5540000200271606
0.6000000238418579
0.5929999947547913
0.6190000176429749
0.609000027179718
0.6140000224113464
0.6200000047683716
0.6439999938011169
0.625
0.6510000228881836
0.6539999842643738
0.6480000019073486
0.6679999828338623
0.6669999957084656
0.6629999876022339
0.6830000281333923
0.6679999828338623
0.6990000009536743
0.6779999732971191
0.6930000185966492
0.7089999914169312
0.6919999718666077
0.7089999914169312
0.6899999976158142
0.6959999799728394
0.7120000123977661
0.6880000233650208
0.7170000076293945
0.7260000109672546
0.7129999995231628
0.7149999737739563
0.7139999866485596
0.7250000238418579
0.7260000109672546
0.7269999980926514
0.7239999771118164
0.7310000061988831
0.7620000243186951
0.7360000014305115
0.7419999837875366
0.7229999899864197
0.7160000205039978
0.7459999918937683
0.7480000257492065
0.7609999775886536
0.7609999775886536
0.7409999966621399
0.7519999742507935
0.7480000257492065
0.7720000147819519
0.7580000162124634
0.7630000114440918
0.7599999904632568
0.7670000195503235
0.7730000019073486
0.7770000100135803
0.7710000276565552
0.7480000257492065
0.753000020980835
0.765999972820282
0.7799999713897705
0.7839999794960022
0.781000018119812
0.7839999794960022
0.7860000133514404
0.7749999761581421
0.7799999713897705
0.7760000228881836
0.7889999747276306
0.7850000262260437
0.7950000166893005
0.7929999828338623
0.7950000166893005
0.7889999747276306
0.7940000295639038
0.7739999890327454
0.7839999794960022
0.8009999990463257
0.7900000214576721
0.7950000166893005
0.8050000071525574
0.7879999876022339
0.8080000281333923
0.8169999718666077
0.7919999957084656
0.8040000200271606
0.7879999876022339
0.8009999990463257
0.7839999794960022
0.796999990940094
0.796999990940094
0.8059999942779541
0.8069999814033508
0.8040000200271606
0.8109999895095825
0.8119999766349792
0.8159999847412109
0.8069999814033508
0.8029999732971191
0.8119999766349792
0.8069999814033508
0.8169999718666077
0.8199999928474426
0.8140000104904175
0.7940000295639038
0.8059999942779541
0.8100000023841858
0.8069999814033508
0.8140000104904175
0.8130000233650208
0.8259999752044678
0.8130000233650208
0.8169999718666077
0.8199999928474426
0.8220000267028809
0.8090000152587891
0.8259999752044678
0.8209999799728394
0.8119999766349792
0.8069999814033508
0.8180000185966492
0.8190000057220459
0.8259999752044678
0.8199999928474426
0.8270000219345093
0.8149999976158142
0.8270000219345093
0.8309999704360962
0.8259999752044678
0.8220000267028809
0.8230000138282776
0.8270000219345093
0.8230000138282776
0.8209999799728394
0.8299999833106995
0.828000009059906
0.8270000219345093
0.8309999704360962
0.8240000009536743
0.8190000057220459
0.8230000138282776
0.8289999961853027
0.8090000152587891
0.8299999833106995
0.8299999833106995
0.8259999752044678
0.8349999785423279
0.8349999785423279
0.8209999799728394
0.8309999704360962
0.8140000104904175
0.8270000219345093
0.8299999833106995
0.8360000252723694
0.8339999914169312
0.8420000076293945
0.8270000219345093
0.824999988079071
0.8379999995231628
0.8289999961853027
0.8330000042915344
0.8339999914169312
0.8379999995231628
0.8339999914169312
0.8360000252723694
0.8270000219345093
0.8420000076293945
0.8270000219345093
0.8420000076293945
0.828000009059906
0.8420000076293945
0.8410000205039978
0.8289999961853027
0.847000002861023
0.8220000267028809
0.843999981880188
0.8429999947547913
0.8360000252723694
0.8349999785423279
0.8389999866485596
0.8429999947547913
0.843999981880188
0.8489999771118164
0.8389999866485596
0.8370000123977661
0.847000002861023
0.8450000286102295
0.8429999947547913
0.8500000238418579
0.8460000157356262
0.8500000238418579
0.8450000286102295
0.8479999899864197
0.843999981880188
0.8500000238418579
0.8479999899864197
0.8420000076293945
0.8460000157356262
0.843999981880188
0.8429999947547913
0.8510000109672546
0.8479999899864197
0.8579999804496765
0.8550000190734863
0.8460000157356262
0.8529999852180481
0.8529999852180481
0.8529999852180481
0.8450000286102295
0.8550000190734863
0.8420000076293945
0.8600000143051147
0.8519999980926514
0.847000002861023
0.8529999852180481
0.8460000157356262
0.8460000157356262
0.8460000157356262
0.8410000205039978
0.8460000157356262
0.843999981880188
0.8510000109672546
0.8429999947547913
0.8600000143051147
0.8519999980926514
0.8460000157356262
0.8500000238418579
0.8399999737739563
0.859000027179718
0.8560000061988831
0.8569999933242798
0.8529999852180481
