0.09966666996479034
0.22766666114330292
0.3644166588783264
0.46658334136009216
0.5210000276565552
0.5602499842643738
0.6004166603088379
0.6331666707992554
0.6497499942779541
0.6627500057220459
0.6779999732971191
0.6889166831970215
0.7042499780654907
0.7135833501815796
0.7204166650772095
0.7289999723434448
0.7317500114440918
0.7354999780654907
0.7419999837875366
0.746833324432373
0.7516666650772095
0.7589166760444641
0.7590000033378601
0.7616666555404663
0.7630833387374878
0.7674166560173035
0.7716666460037231
0.7717499732971191
0.7670833468437195
0.7776666879653931
0.7882500290870667
0.7794166803359985
0.7829999923706055
0.7853333353996277
0.7855833172798157
0.7879166603088379
0.7896666526794434
0.7850833535194397
0.7912499904632568
0.793749988079071
0.7975833415985107
0.7978333234786987
