3.096153974533081
2.6347408294677734
2.0605835914611816
1.7427161931991577
1.5659688711166382
1.4511396884918213
1.3548083305358887
1.2793097496032715
1.2206470966339111
1.1760214567184448
1.134742259979248
1.098785400390625
1.0655221939086914
1.0393009185791016
1.0166865587234497
0.9880688190460205
0.9663074612617493
0.9596494436264038
0.935166597366333
0.9251753687858582
0.9059129357337952
0.8940432667732239
0.8795787692070007
0.8748865723609924
0.857602059841156
0.844468891620636
0.8379619717597961
0.83304762840271
0.8337034583091736
0.8136518597602844
0.7982566952705383
0.8011140823364258
0.7921158075332642
0.7819917798042297
0.7774614095687866
0.7768193483352661
0.7649306058883667
0.7709925770759583
0.7559584975242615
0.7518321871757507
0.7370683550834656
0.7382684946060181
