0.18649999797344208
0.4259999990463257
0.6050000190734863
0.6850000023841858
0.7850000262260437
0.8464999794960022
0.8794999718666077
0.906499981880188
0.800000011920929
0.8849999904632568
0.8934999704360962
0.8705000281333923
0.8684999942779541
0.906499981880188
0.9380000233650208
0.8859999775886536
0.8899999856948853
0.9365000128746033
0.9430000185966492
0.9135000109672546
0.9415000081062317
0.925000011920929
0.9265000224113464
0.9399999976158142
0.9520000219345093
0.9365000128746033
0.862500011920929
0.9449999928474426
0.9474999904632568
0.9265000224113464
0.9480000138282776
0.921999990940094
0.9334999918937683
0.953499972820282
0.9480000138282776
0.9564999938011169
0.9484999775886536
0.9409999847412109
0.9495000243186951
0.9424999952316284
0.9470000267028809
0.9430000185966492
0.9300000071525574
0.9520000219345093
0.9470000267028809
0.9415000081062317
0.9495000243186951
0.9359999895095825
0.9409999847412109
0.9244999885559082
0.9595000147819519
0.9570000171661377
0.949999988079071
0.953499972820282
0.9585000276565552
0.953000009059906
0.9409999847412109
0.953499972820282
0.9559999704360962
0.9549999833106995
0.9520000219345093
0.9459999799728394
0.9589999914169312
0.9574999809265137
0.9465000033378601
0.9614999890327454
0.9505000114440918
0.9490000009536743
0.9574999809265137
0.9605000019073486
0.940500020980835
0.9570000171661377
0.9614999890327454
0.9639999866485596
0.9614999890327454
0.9610000252723694
0.9564999938011169
0.9585000276565552
0.9465000033378601
0.9599999785423279
0.9610000252723694
0.9509999752044678
0.9599999785423279
0.9605000019073486
0.9539999961853027
0.9614999890327454
0.9580000042915344
0.9580000042915344
0.9639999866485596
0.9624999761581421
0.9649999737739563
0.9624999761581421
0.9639999866485596
0.9649999737739563
0.9635000228881836
0.9564999938011169
0.9645000100135803
0.9629999995231628
0.9589999914169312
0.9620000123977661
0.9645000100135803
0.9649999737739563
0.9649999737739563
0.9610000252723694
0.9589999914169312
0.9664999842643738
0.9649999737739563
0.965499997138977
0.9645000100135803
0.9589999914169312
0.9639999866485596
0.9674999713897705
0.9649999737739563
0.9674999713897705
0.953000009059906
0.965499997138977
0.9679999947547913
0.9670000076293945
0.9645000100135803
0.9605000019073486
0.9674999713897705
0.9670000076293945
0.9635000228881836
0.9649999737739563
0.9649999737739563
0.9679999947547913
0.9570000171661377
0.9649999737739563
0.9670000076293945
0.9629999995231628
0.9620000123977661
0.9674999713897705
0.9664999842643738
0.968500018119812
0.9639999866485596
0.9589999914169312
0.9674999713897705
0.965499997138977
0.968500018119812
0.9639999866485596
0.9674999713897705
0.9664999842643738
0.9605000019073486
0.9700000286102295
0.9660000205039978
0.9670000076293945
0.968999981880188
0.9649999737739563
0.9570000171661377
0.9679999947547913
0.9670000076293945
0.9664999842643738
0.9649999737739563
0.9599999785423279
0.9704999923706055
0.9664999842643738
0.9695000052452087
0.9660000205039978
0.9660000205039978
0.9695000052452087
0.9679999947547913
0.9660000205039978
0.968999981880188
0.9664999842643738
0.9679999947547913
0.9704999923706055
0.968999981880188
0.9670000076293945
0.965499997138977
0.9679999947547913
0.9679999947547913
0.9679999947547913
0.9695000052452087
0.9674999713897705
0.9585000276565552
