0.04500000178813934
0.04097222164273262
0.045694444328546524
0.0486111119389534
0.06000000238418579
0.06680555641651154
0.09041666984558105
0.13055555522441864
0.19652777910232544
0.277222216129303
0.38333335518836975
0.4580555558204651
0.5330555438995361
0.569444477558136
0.613194465637207
0.6552777886390686
0.6936111450195312
0.7083333730697632
0.7379167079925537
0.7572222352027893
0.7748611569404602
0.7695833444595337
0.7918055653572083
0.8055555820465088
0.8050000071525574
0.8180555701255798
0.8327777981758118
0.8401389122009277
0.8401389122009277
0.8479166626930237
0.8543055653572083
0.8529166579246521
0.8644444942474365
0.8697222471237183
0.8679167032241821
0.8740277886390686
0.8630555868148804
0.8772222399711609
0.8740277886390686
0.8852778077125549
0.8872222304344177
0.8873611092567444
0.8929166793823242
0.893333375453949
0.8915277719497681
0.8968055844306946
0.9001389145851135
0.893750011920929
0.9030555486679077
0.9050000309944153
0.9005555510520935
0.9020833373069763
0.9005555510520935
0.9061111211776733
0.909166693687439
