3.1788220405578613
3.17819881439209
3.176858425140381
3.175300359725952
3.163907051086426
3.1307599544525146
3.063828229904175
2.8773627281188965
2.6111299991607666
2.2555811405181885
1.9182173013687134
1.6851321458816528
1.4615702629089355
1.314157485961914
1.1866919994354248
1.067129373550415
0.9705485701560974
0.896449863910675
0.8127508163452148
0.7624531984329224
0.7120223641395569
0.7252964377403259
0.6515772938728333
0.6090144515037537
0.6105665564537048
0.5771197080612183
0.5365948677062988
0.5111545920372009
0.500373125076294
0.480292946100235
0.4499775171279907
0.46968191862106323
0.42671260237693787
0.4331322908401489
0.4187368154525757
0.3965902030467987
0.42705175280570984
0.3812483549118042
0.3958008885383606
0.364013135433197
0.3623654544353485
0.34672853350639343
0.34827619791030884
0.33595189452171326
0.34947067499160767
0.3327421545982361
0.320705771446228
0.3306730091571808
0.30597636103630066
0.2996121346950531
0.33044812083244324
0.30770641565322876
0.3068249821662903
0.2897534668445587
0.2813427150249481
