0.10041666775941849
0.23125000298023224
0.3605833351612091
0.44841668009757996
0.5009999871253967
0.5379999876022339
0.5774999856948853
0.6052500009536743
0.6231666803359985
0.6422500014305115
0.6537500023841858
0.6651666760444641
0.6733333468437195
0.6839166879653931
0.699833333492279
0.6944166421890259
0.7092499732971191
0.7131666541099548
0.721833348274231
0.7295833230018616
0.737333357334137
0.7361666560173035
0.7458333373069763
0.7440833449363708
0.7474166750907898
0.753250002861023
0.7613333463668823
0.7639166712760925
0.7649999856948853
0.7620000243186951
0.7706666588783264
0.7744166851043701
0.781083345413208
0.7801666855812073
0.7799999713897705
0.7858333587646484
0.7910000085830688
0.7910833358764648
0.7951666712760925
0.7889166474342346
0.7935000061988831
0.7990000247955322
0.7984166741371155
0.8034166693687439
0.8057500123977661
0.8036666512489319
0.8064166903495789
0.8073333501815796
0.8105833530426025
0.8097500205039978
0.8176666498184204
0.8086666464805603
0.8102499842643738
0.8221666812896729
0.8181666731834412
0.8204166889190674
0.8167499899864197
0.8209999799728394
0.8227499723434448
0.8239166736602783
0.8270833492279053
0.8228333592414856
0.8210833072662354
0.8263333439826965
0.8264999985694885
0.8272500038146973
0.828083336353302
0.8290833234786987
0.828166663646698
0.8340833187103271
0.8376666903495789
0.8344166874885559
0.8360833525657654
0.8354166746139526
0.8410833477973938
0.8374999761581421
0.840749979019165
0.8372499942779541
0.8414999842643738
0.8416666388511658
0.8396666646003723
0.8420000076293945
0.8349166512489319
0.8400833606719971
0.843666672706604
0.8454166650772095
0.8460833430290222
0.8460000157356262
0.8493333458900452
0.8475000262260437
0.8488333225250244
