3.0671229362487793
2.56881046295166
2.0660037994384766
1.7996867895126343
1.6398555040359497
1.5202709436416626
1.4156187772750854
1.3385342359542847
1.2783920764923096
1.2338062524795532
1.1974056959152222
1.1617470979690552
1.12209951877594
1.1007764339447021
1.0769717693328857
1.0530327558517456
1.0280898809432983
1.0082393884658813
0.9872056245803833
0.9710819721221924
0.947547435760498
0.9345731735229492
0.9150062799453735
0.9012752175331116
0.8893743753433228
0.8724316358566284
0.8607377409934998
0.8455739617347717
0.8324634432792664
0.8289764523506165
0.8161441087722778
0.8080257177352905
0.7972955107688904
0.7931594252586365
0.7872437238693237
0.7757284045219421
0.7623953223228455
0.7531194686889648
0.7446106672286987
0.7432330846786499
0.7325618267059326
0.7239644527435303
0.726059079170227
0.7081058025360107
0.7077498435974121
0.7058014869689941
0.7024266123771667
0.6945959329605103
0.684921145439148
0.6893987655639648
0.673614501953125
0.6693899631500244
0.674147367477417
0.6601554155349731
0.6599069237709045
0.6561716794967651
0.6562404632568359
0.6493174433708191
0.6407168507575989
0.6328475475311279
0.6336841583251953
0.630455732345581
0.6306830048561096
0.6231504082679749
0.6108337044715881
0.6182392835617065
0.6163630485534668
0.6112369298934937
0.6081749796867371
0.5912473797798157
0.5934129357337952
0.5959256887435913
0.5897912383079529
0.5922209620475769
0.5810375809669495
0.5819968581199646
0.5774559378623962
0.5834940671920776
0.570844292640686
0.5685254335403442
0.5632723569869995
0.5616395473480225
0.5731636881828308
0.5643185973167419
0.5584840774536133
0.5557864308357239
0.5487877130508423
0.54982990026474
0.5474129319190979
0.5498530864715576
0.5463341474533081
