0.19499999284744263
0.23499999940395355
0.4129999876022339
0.5019999742507935
0.5450000166893005
0.6449999809265137
0.7559999823570251
0.7390000224113464
0.7799999713897705
0.7649999856948853
0.8230000138282776
0.8420000076293945
0.8149999976158142
0.8209999799728394
0.890999972820282
0.8429999947547913
0.8849999904632568
0.9100000262260437
0.8939999938011169
0.9169999957084656
0.902999997138977
0.8880000114440918
0.9139999747276306
0.9240000247955322
0.8650000095367432
0.8939999938011169
0.8849999904632568
0.9120000004768372
0.890999972820282
0.8629999756813049
0.8859999775886536
0.902999997138977
0.9210000038146973
0.9190000295639038
0.9179999828338623
0.8930000066757202
0.925000011920929
0.875
0.9070000052452087
0.9210000038146973
0.9549999833106995
0.9470000267028809
0.9240000247955322
0.9390000104904175
0.9470000267028809
0.9409999847412109
0.9179999828338623
0.9269999861717224
0.9390000104904175
0.9490000009536743
0.9300000071525574
0.9350000023841858
0.9350000023841858
0.9290000200271606
0.9210000038146973
0.9369999766349792
0.9309999942779541
0.9049999713897705
0.9380000233650208
0.9509999752044678
0.9369999766349792
